Date	Return
20010102	-2.843232755
20010103	4.888404195
20010104	-1.060847727
20010105	-2.65928449
20010108	-0.191966014
20010109	0.380489241
20010110	0.954075032
20010111	1.026489171
20010112	-0.625245387
20010116	0.612431976
20010117	0.212339884
20010118	1.381939048
20010119	-0.403641493
20010122	0.026811249
20010123	1.294731955
20010124	0.286270244
20010125	-0.498933731
20010126	-0.1887586
20010129	0.67816318
20010130	0.698348285
20010131	-0.563558617
20010201	0.544630254
20010202	-1.762846153
20010205	0.358017677
20010206	-0.151483272
20010207	-0.844369423
20010208	-0.625418172
20010209	-1.342525141
20010212	1.175785831
20010213	-0.868976557
20010214	-0.218619143
20010215	0.809077537
20010216	-1.908632063
20010220	-1.750888567
20010221	-1.868092096
20010222	-0.195367852
20010223	-0.557095587
20010226	1.733873817
20010227	-0.768933029
20010228	-1.441247104
20010301	0.103983211
20010302	-0.569604151
20010305	0.584104844
20010306	0.993110947
20010307	0.643165723
20010308	0.225597037
20010309	-2.507576867
20010312	-4.414077628
20010313	1.471963056
20010314	-2.618183107
20010315	0.585404211
20010316	-1.981915833
20010319	1.747311119
20010320	-2.437194587
20010321	-1.808629459
20010322	-0.407194319
20010323	1.971349517
20010326	1.121921282
20010327	2.525339137
20010328	-2.473300523
20010329	-0.46409845
20010330	1.072670448
20010402	-1.254027361
20010403	-3.499844398
20010404	-0.290536067
20010405	4.27529638
20010406	-2.018604686
20010409	0.808470348
20010410	2.670618437
20010411	-0.21334301
20010412	1.499140612
20010416	-0.323293471
20010417	1.022994471
20010418	3.815324666
20010419	1.24647961
20010420	-0.857948042
20010423	-1.50934638
20010424	-1.223601137
20010425	1.581514536
20010426	0.468483808
20010427	1.489834878
20010430	-0.286912137
20010501	1.349835671
20010502	0.078141345
20010503	-1.498432256
20010504	1.433713464
20010507	-0.245047788
20010508	-0.182991365
20010509	-0.449788976
20010510	-0.028677033
20010511	-0.760545082
20010514	0.260564008
20010515	0.041627308
20010516	2.805548528
20010517	0.27200539
20010518	0.268945501
20010521	1.602466732
20010522	-0.263136972
20010523	-1.564822977
20010524	0.319105537
20010525	-1.188628807
20010529	-0.782463082
20010530	-1.577927899
20010531	0.618237522
20010601	0.385457999
20010604	0.509539116
20010605	1.290654139
20010606	-1.060473597
20010607	0.544173091
20010608	-0.944175202
20010611	-0.839110248
20010612	0.116323552
20010613	-1.141176372
20010614	-1.765657476
20010615	-0.452710665
20010618	-0.48951926
20010619	0.34283246
20010620	0.867100173
20010621	1.130010642
20010622	-0.949491171
20010625	-0.552385864
20010626	-0.151107052
20010627	-0.468732194
20010628	1.241568998
20010629	-0.148536292
20010702	1.002812028
20010703	-0.183718695
20010705	-1.239781294
20010706	-2.377873124
20010709	0.68553904
20010710	-1.450262784
20010711	-0.113477592
20010712	2.341501762
20010713	0.622160418
20010716	-1.094244893
20010717	0.99219231
20010718	-0.555706073
20010719	0.60345331
20010720	-0.343794524
20010723	-1.650411335
20010724	-1.640546723
20010725	1.595197534
20010726	1.039526036
20010727	0.2399586
20010730	-0.10786861
20010731	0.555522488
20010801	0.387284388
20010802	0.395620786
20010803	-0.525646974
20010806	-1.14874774
20010807	0.326004081
20010808	-1.748001943
20010809	-0.008449657
20010810	0.567075024
20010813	0.094900173
20010814	-0.383512804
20010815	-0.736656254
20010816	0.308516654
20010817	-1.680338901
20010820	0.809131089
20010821	-1.215300936
20010822	0.693200397
20010823	-0.276703794
20010824	1.946359301
20010827	-0.483897837
20010828	-1.512383999
20010829	-1.121189891
20010830	-1.715012684
20010831	0.402190933
20010904	-0.056474244
20010905	-0.105975247
20010906	-2.264477005
20010907	-1.881287865
20010910	0.620663787
20010917	-5.046793968
20010918	-0.582185655
20010919	-1.624369485
20010920	-3.155252148
20010921	-1.921775358
20010924	3.824256795
20010925	0.87512713
20010926	-0.517999881
20010927	1.142361792
20010928	2.168519827
20011001	-0.229864154
20011002	1.223051975
20011003	1.973119328
20011004	-0.247442829
20011005	0.163474285
20011008	-0.837938749
20011009	-0.536998917
20011010	2.267912746
20011011	1.509379469
20011012	-0.528076948
20011015	-0.153096568
20011016	0.691196432
20011017	-1.880835163
20011018	-0.790422161
20011019	0.454696898
20011022	1.51802414
20011023	-0.470874746
20011024	0.038710035
20011025	1.362769284
20011026	0.410033686
20011029	-2.410660459
20011030	-1.731495162
20011031	-0.000943588
20011101	2.268881027
20011102	0.285543417
20011105	1.428308696
20011106	1.442163898
20011107	-0.273867337
20011108	0.245262706
20011109	0.158116923
20011112	-0.17689316
20011113	1.83931969
20011114	0.1859405
20011115	0.090214375
20011116	-0.314789662
20011119	1.083990682
20011120	-0.732437922
20011121	-0.49392781
20011123	1.163795121
20011126	0.613583927
20011127	-0.68663249
20011128	-1.842002546
20011129	1.029664586
20011130	-0.065799577
20011203	-0.841655661
20011204	1.310081603
20011205	2.207290011
20011206	-0.278080994
20011207	-0.755999318
20011210	-1.599518925
20011211	-0.278474632
20011212	0.02726677
20011213	-1.56798178
20011214	0.330885442
20011217	0.998480022
20011218	0.751777587
20011219	0.579286935
20011220	-0.841240345
20011221	0.434170551
20011224	-0.02096491
20011226	0.411505276
20011227	0.672883527
20011228	0.335612765
20011231	-1.120794722
20020102	0.572360698
20020103	0.913823096
20020104	0.619393026
20020107	-0.652008813
20020108	-0.359477511
20020109	-0.48103381
20020110	0.12198869
20020111	-0.951291843
20020114	-0.629596521
20020115	0.68108466
20020116	-1.637852389
20020117	0.998044861
20020118	-0.997158003
20020122	-0.736131929
20020123	0.789329078
20020124	0.351276502
20020125	0.099760319
20020128	-0.019414563
20020129	-2.90301086
20020130	1.167924178
20020131	1.482353763
20020201	-0.710356388
20020204	-2.504822741
20020205	-0.404677223
20020206	-0.59902734
20020207	-0.308733514
20020208	1.474946215
20020211	1.423833923
20020212	-0.40010146
20020213	0.989221952
20020214	-0.181656344
20020215	-1.107790097
20020219	-1.905411654
20020220	1.342326648
0	-1.563184387
20020222	0.819061236
20020225	1.781547344
0	-0.00450692
20020227	0.04596106
20020228	-0.285118978
20020301	2.238189307
20020304	1.930389569
20020305	-0.669573541
20020306	1.44053147
20020307	-0.450802596
20020308	0.583157326
20020311	0.33868255
20020312	-0.229664517
20020313	-0.990666256
20020314	-0.091022185
20020315	1.131436699
20020318	-0.052322117
20020319	0.405850273
20020320	-1.588223588
20020321	0.150947353
20020322	-0.424795083
20020325	-1.475973597
20020326	0.58316908
20020327	0.533493449
20020328	0.24520403
20020401	-0.074108629
20020402	-0.856660081
20020403	-1.004358268
20020404	0.083490994
20020405	-0.321021853
20020408	0.227756079
20020409	-0.667831236
20020410	1.12710076
20020411	-2.397436413
20020412	0.661040019
20020415	-0.764383273
20020416	2.314843469
20020417	-0.204041873
20020418	-0.142188121
20020419	0.062232181
20020422	-1.55309884
20020423	-0.622062048
20020424	-0.712823765
20020425	-0.151971539
20020426	-1.398675814
20020429	-1.015057017
20020430	1.070786988
20020501	0.881958957
20020502	-0.175032979
20020503	-1.031524584
20020506	-1.952933522
20020507	-0.302546184
20020508	3.681776153
20020509	-1.465431015
20020510	-1.693649506
20020513	1.837998726
20020514	2.092311483
20020515	-0.567552418
20020516	0.654092681
20020517	0.758342183
20020520	-1.338223358
20020521	-1.105105732
20020522	0.56697137
20020523	1.013246725
20020524	-1.216026723
20020528	-0.858986828
20020529	-0.64326315
0	-0.281383843
0	0.232667335
20020603	-2.510782707
20020604	0.000960906
20020605	0.881096684
20020606	-1.996170272
20020607	-0.157535478
20020610	0.311912684
20020611	-1.676864086
20020612	0.654914675
20020613	-1.054290441
0	-0.227089143
0	2.82875221
20020618	0.093570192
20020619	-1.667410163
20020620	-1.352252281
20020621	-1.718970076
20020624	0.361277173
20020625	-1.684263172
20020626	-0.267737777
20020627	1.742255793
20020628	-0.082809049
20020701	-2.161975888
20020702	-2.145391508
20020703	0.620375476
20020705	3.607147562
20020708	-1.225848383
20020709	-2.502967731
20020710	-3.455209453
20020711	0.746821377
20020712	-0.646922354
20020715	-0.37622644
20020716	-1.868247227
20020717	0.564479246
20020718	-2.739038986
20020719	-3.910728431
20020722	-3.346438431
20020723	-2.738880978
20020724	5.574432407
20020725	-0.564768371
20020726	1.674272935
20020729	5.266658297
20020730	0.42403518
20020731	0.974434518
20020801	-3.001984618
20020802	-2.335288239
20020805	-3.489793985
20020806	2.947969605
20020807	1.981243607
20020808	3.219840158
20020809	0.350587427
20020812	-0.534087915
20020813	-2.191350599
20020814	3.926595025
20020815	1.149282599
20020816	-0.159223711
20020819	2.333742524
20020820	-1.405646697
20020821	1.264598497
20020822	1.395376343
20020823	-2.294748616
20020826	0.750740763
20020827	-1.394776086
20020828	-1.829822899
20020829	-0.007626643
20020830	-0.188672099
20020903	-4.242340855
20020904	1.73650365
20020905	-1.607887733
20020906	1.666075412
20020909	1.006196994
20020910	0.730469886
20020911	-0.014293332
20020912	-2.509650964
20020913	0.326444524
20020916	0.144869783
20020917	-1.992562891
20020918	-0.465869642
20020919	-3.052584663
20020920	0.245157669
20020923	-1.392443393
20020924	-1.743551388
20020925	2.455893646
20020926	1.80459397
20020927	-3.279099248
20020930	-1.472038269
20021001	3.924288556
20021002	-2.387004526
20021003	-1.08814209
20021004	-2.268656695
20021007	-1.92961229
20021008	1.675724102
20021009	-2.766616076
20021010	3.43683394
20021011	3.831512323
20021014	0.729982487
20021015	4.624933906
20021016	-2.440840411
20021017	2.20567583
20021018	0.588573873
20021021	1.718546199
20021022	-1.068238196
20021023	0.669542892
20021024	-1.533786196
20021025	1.702144851
20021028	-0.830038101
20021029	-0.911774673
20021030	0.965678793
20021031	-0.557286395
20021101	1.701482796
20021104	0.816890538
20021105	0.772043709
20021106	0.910209367
20021107	-2.311741626
20021108	-0.880170811
20021111	-2.095021088
0	0.768561146
20021113	-0.04757913
20021114	2.43352058
20021115	0.612978051
20021118	-1.046308553
20021119	-0.402871838
20021120	1.92287068
20021121	2.122477412
20021122	-0.34436367
20021125	0.249004647
20021126	-2.119049272
20021127	2.760166153
20021129	-0.273040624
0	-0.190288912
0	-1.485517378
0	-0.344878574
0	-1.209358372
0	0.624596539
0	-2.242601868
0	1.386089157
20021211	0.056371968
20021212	-0.374196413
20021213	-1.351175738
20021216	2.324704106
20021217	-0.817258421
20021218	-1.323238062
20021219	-0.773927045
20021220	1.293269187
20021223	0.180688674
20021224	-0.548650704
20021226	-0.315353238
20021227	-1.615844251
20021230	0.454756054
20021231	0.04888558
20030102	3.266075584
20030103	-0.048414961
20030106	2.22255557
20030107	-0.656611104
20030108	-1.41857185
20030109	1.920058986
20030110	0
20030113	-0.141329056
20030114	0.581296849
20030115	-1.453092794
20030116	-0.39502021
20030117	-1.411622335
20030121	-1.58268644
20030122	-1.04871911
20030123	1.017169103
20030124	-2.966925079
20030127	-1.629173246
20030128	1.296603199
20030129	0.675607654
20030130	-2.311436634
20030131	1.304486507
20030203	0.538456564
20030204	-1.418795602
20030205	-0.544986247
20030206	-0.64695125
20030207	-1.014494503
20030210	0.754059022
20030211	-0.813134671
20030212	-1.276809345
20030213	-0.160141839
20030214	2.120811093
20030218	1.931189396
20030219	-0.712141193
20030220	-0.954692401
20030221	1.313754973
20030224	-1.855177406
20030225	0.716874685
20030226	-1.32285318
20030227	1.168901424
20030228	0.461146054
20030303	-0.756584912
20030304	-1.547592452
20030305	0.951673203
20030306	-0.938291941
20030307	0.822541419
20030310	-2.616916936
20030311	-0.83944754
20030312	0.431174808
20030313	3.387668162
20030314	0.164547801
20030317	3.481360498
20030318	0.423307981
20030319	0.86988546
20030320	0.188604894
20030321	2.271670287
20030324	-3.586707342
20030325	1.208776226
20030326	-0.549096061
20030327	-0.164512511
20030328	-0.579671604
20030331	-1.790102017
20030401	1.20705062
20030402	2.57807285
20030403	-0.506445445
20030404	0.273457699
20030407	0.122812419
20030408	-0.186552363
20030409	-1.410347408
20030410	0.643429535
20030411	-0.377037943
20030414	1.931022118
20030415	0.628366294
20030416	-1.231153167
20030417	1.541623661
20030421	-0.175852285
20030422	2.147161862
20030423	0.835892301
20030424	-0.829309022
20030425	-1.394312849
20030428	1.76775204
20030429	0.327389689
20030430	-0.100285604
20030501	-0.067640548
20030502	1.492678198
20030505	-0.380259314
20030506	0.842589915
20030507	-0.511800947
20030508	-1.010879525
20030509	1.417744173
20030512	1.245677586
20030513	-0.297762762
20030514	-0.321007089
20030515	0.783693929
20030516	-0.250665134
20030519	-2.523363576
20030520	-0.11301278
20030521	0.400402022
20030522	0.910915105
20030523	0.144765157
20030527	1.937769552
20030528	0.182705989
20030529	-0.376276155
20030530	1.458292753
20030602	0.353260252
20030603	0.470453162
20030604	1.499670562
20030605	0.394661458
20030606	-0.240659401
20030609	-1.204889073
20030610	0.90883289
20030611	1.275290701
20030612	0.103206939
20030613	-0.996425169
20030616	2.213809869
20030617	0.090981019
20030618	-0.155311024
20030619	-1.535353062
20030620	0.099478
20030623	-1.42113218
20030624	0.184215533
20030625	-0.830117542
20030626	1.070815988
20030627	-0.978581131
20030630	-0.17634519
20030701	0.79926019
20030702	1.156854512
20030703	-0.81336173
20030707	1.88134908
20030708	0.33991664
20030709	-0.560186535
20030710	-1.357189162
20030711	0.950259813
20030714	0.571430126
20030715	-0.343265749
20030716	-0.634744499
20030717	-1.251142435
20030718	1.173654646
20030721	-1.472553635
20030722	0.946669601
20030723	0.050588855
20030724	-0.711602274
20030725	1.725051362
20030728	-0.216519732
20030729	-0.729180389
20030730	-0.181103567
20030731	0.285165528
20030801	-1.031240425
20030804	0.272036928
20030805	-1.782131876
20030806	0.167655043
20030807	0.725327721
20030808	0.355585989
20030811	0.306407209
20030812	0.990398468
20030813	-0.640203161
20030814	0.656357761
20030815	0.01615199
20030818	0.911376327
20030819	0.260727687
20030820	-0.204728806
20030821	0.296471017
20030822	-1.022885898
20030825	0.065432841
20030826	0.303450726
20030827	0.006019503
20030828	0.605113792
20030829	0.514211542
20030902	1.377361676
20030903	0.417916303
20030904	0.16551137
20030905	-0.642153903
20030908	0.998532429
20030909	-0.824411792
20030910	-1.204484374
20030911	0.542584223
20030912	0.217193766
0	-0.375718437
0	1.419698719
0	-0.325988349
0	1.317827888
20030919	-0.316010822
20030922	-1.30931588
20030923	0.605309254
20030924	-1.928032997
20030925	-0.60716158
0	-0.641963687
20030929	0.971341799
20030930	-1.059658863
20031001	2.209414713
20031002	0.198188894
20031003	0.937526683
20031006	0.436004954
20031007	0.472608904
20031008	-0.527731166
20031009	0.47768256
20031010	-0.064522655
20031013	0.699817103
20031014	0.394304583
20031015	-0.259512415
20031016	0.315714936
20031017	-1.029017547
20031020	0.514396528
20031021	0.129142749
20031022	-1.509379018
20031023	0.330405847
20031024	-0.471232474
20031027	0.215529879
20031028	1.507305045
20031029	0.126020352
20031030	-0.111691857
20031031	0.359450248
20031103	0.787782605
20031104	-0.546333031
20031105	-0.136813224
20031106	0.591510166
20031107	-0.458494783
20031110	-0.580865502
20031111	-0.051583815
20031112	1.136300289
20031113	-0.011337119
20031114	-0.764434004
20031117	-0.641842145
20031118	-0.912518725
20031119	0.798428581
20031120	-0.846789159
20031121	0.157569404
20031124	1.609723552
20031125	0.171892329
20031126	0.431749347
20031128	-0.023622233
20031201	1.120144023
20031202	-0.327602154
20031203	-0.177352429
20031204	0.467568609
20031205	-0.771392982
20031208	0.732122662
20031209	-0.856552375
20031210	-0.106642517
20031211	1.141657082
20031212	0.273149073
20031215	-0.569514839
20031216	0.661639148
20031217	0.125487442
20031218	1.172866063
20031219	-0.047753739
20031222	0.392373074
20031223	0.281412363
20031224	-0.180817013
20031226	0.168955212
20031229	1.232461856
20031230	0.014420131
20031231	0.20526124
20040102	-0.309854328
20040105	1.23191588
20040106	0.129124775
20040107	0.236444555
20040108	0.49507463
20040109	-0.892728377
20040112	0.477527374
20040113	-0.534591769
20040114	0.826032569
20040115	0.135244455
20040116	0.684898006
20040120	-0.093039592
20040121	0.774150009
20040122	-0.321178862
20040123	-0.209145599
20040126	1.203365095
20040127	-0.98460407
20040128	-1.370300382
20040129	0.497660789
20040130	-0.263106931
20040202	0.364456653
20040203	0.067802881
20040204	-0.840649356
20040205	0.183583114
20040206	1.247732303
20040209	-0.258480716
20040210	0.50145597
20040211	1.061096223
20040212	-0.489205996
20040213	-0.548323335
20040217	0.970999465
20040218	-0.447850507
20040219	-0.414115291
20040220	-0.257510497
20040223	-0.273073558
20040224	-0.166660857
20040225	0.401269178
20040226	0.108364149
20040227	0.002620259
20040301	0.958758447
20040302	-0.596079107
20040303	0.167816641
20040304	0.333058983
20040305	0.172165477
20040308	-0.838524743
20040309	-0.578728591
0	-1.474102304
20040311	-1.534098326
20040312	1.238258576
20040315	-1.445379445
20040316	0.560675722
20040317	1.168085961
20040318	-0.127333538
20040319	-1.123617395
20040322	-1.304220411
20040323	-0.132459425
20040324	-0.239786321
20040325	1.62328833
20040326	-0.101928073
20040329	1.292087574
20040330	0.402762084
20040331	-0.070122184
20040401	0.527813197
20040402	0.847857743
20040405	0.764274914
20040406	-0.209681075
20040407	-0.666759436
20040408	-0.106147344
20040412	0.514770104
20040413	-1.385735958
20040414	-0.112508372
20040415	0.059370585
20040416	0.509842276
20040419	0.106587749
20040420	-1.567932315
20040421	0.529828555
20040422	1.399303757
20040423	0.058758273
20040426	-0.445493745
20040427	0.226948955
20040428	-1.38908326
20040429	-0.761976588
20040430	-0.593377364
20040503	0.91604792
20040504	0.184171994
20040505	0.176700565
20040506	-0.67456597
20040507	-1.382050208
20040510	-1.059566509
20040511	0.763324012
20040512	0.166915254
20040513	-0.076582248
20040514	-0.067513939
20040517	-1.064327874
20040518	0.679358558
20040519	-0.257778206
20040520	0.046834752
20040521	0.400412859
20040524	0.16902931
20040525	1.59752725
20040526	0.169659689
20040527	0.567029808
20040528	-0.053524596
20040601	0.046389638
20040602	0.337460642
20040603	-0.744997044
20040604	0.523416435
20040607	1.583827497
0	0.154210142
20040609	-0.954478526
20040610	0.453303537
20040614	-0.988618691
20040615	0.595403345
20040616	0.136830929
20040617	-0.133297454
20040618	0.262012351
20040621	-0.416718771
20040622	0.362960778
20040623	0.847064715
0	-0.298506378
20040625	-0.546795321
20040628	-0.095247342
20040629	0.251151241
20040630	0.407547204
20040701	-1.04856938
20040702	-0.315838298
20040706	-0.81817381
20040707	0.189748283
20040708	-0.827860922
20040709	0.333045602
20040712	0.138292736
20040713	0.070868228
20040714	-0.329649406
0	-0.430988513
20040716	-0.480055992
20040719	-0.044499136
20040720	0.703307162
20040721	-1.343008994
20040722	0.270230956
20040723	-0.974795171
20040726	-0.196289004
20040727	0.98766235
20040728	0.05387513
20040729	0.456316114
20040730	0.117158245
0	0.443772973
20040803	-0.628200279
20040804	-0.096437287
20040805	-1.645496971
20040806	-1.560178429
20040809	0.117415556
20040810	1.289040635
20040811	-0.301648155
20040812	-1.174383068
20040813	0.147554338
20040816	1.356275512
20040817	0.21933791
20040818	1.236648004
20040819	-0.360410196
20040820	0.650355328
20040823	-0.243387859
20040824	0.046535607
20040825	0.796860405
20040826	0.01176444
20040827	0.242220593
20040830	-0.781183173
20040831	0.462016171
20040901	0.151120993
20040902	1.115009169
20040903	-0.419366727
20040907	0.686377659
20040908	-0.44959563
20040909	0.188843947
20040910	0.494136491
20040913	0.168908447
20040914	0.222700445
20040915	-0.707967559
20040916	0.278982475
20040917	0.448481025
20040920	-0.564257856
20040921	0.630692741
20040922	-1.403588133
20040923	-0.468064511
20040924	0.157766421
20040927	-0.595403881
20040928	0.590899722
20040929	0.426094871
20040930	-0.019736429
20041001	1.506653376
20041004	0.323823336
20041005	-0.060802328
20041006	0.665049694
20041007	-1.003220453
20041008	-0.755511209
20041011	0.200308988
20041012	-0.227047194
20041013	-0.732728542
20041014	-0.934628399
20041015	0.444045243
20041018	0.523801721
20041019	-0.973285392
20041020	0.038968866
20041021	0.256091355
20041022	-0.976290886
20041025	-0.085823592
20041026	1.476981729
20041027	1.279701254
20041028	0.181104788
20041029	0.244503231
20041101	0.027425013
20041102	0.004422685
20041103	1.111826244
20041104	1.602727735
20041105	0.386624992
20041108	-0.109821294
20041109	-0.069558649
20041110	-0.1005591
20041111	0.904820866
20041112	0.906841411
20041115	-0.030405662
20041116	-0.710401251
20041117	0.552311818
20041118	0.136124038
20041119	-1.122409177
20041122	0.587841085
20041123	-0.025486581
20041124	0.408700276
20041126	0.075283055
20041129	-0.345584406
20041130	-0.403845149
20041201	1.484051776
20041202	-0.087332583
20041203	0.070543778
20041206	-0.077264829
20041207	-1.113506935
20041208	0.486466373
20041209	0.542148416
20041210	-0.104322669
20041213	0.894973041
20041214	0.391331274
20041215	0.194263479
20041216	-0.208391353
20041217	-0.751648022
20041220	0.037675032
20041221	0.899968576
20041222	0.341198334
20041223	0.046286731
20041227	-0.431461716
20041228	0.712853345
20041229	-0.007416594
20041230	0.008240626
20041231	-0.13440696
20050103	-0.815248923
20050104	-1.174008204
20050105	-0.363438984
20050106	0.349970631
20050107	-0.143213396
20050110	0.341687899
20050111	-0.611823722
20050112	0.397353192
20050113	-0.866758064
20050114	0.598654607
20050118	0.962830374
20050119	-0.953544344
20050120	-0.781346664
20050121	-0.643544606
20050124	-0.353402723
20050125	0.39963006
20050126	0.483249463
20050127	0.040875068
20050128	-0.27196286
20050131	0.842466398
20050201	0.686725496
20050202	0.317300694
20050203	-0.276952692
20050204	1.098250846
20050207	-0.108951045
20050208	0.048252511
0	-0.861220965
0	0.420260141
0	0.690171785
0	0.069667919
0	0.329435044
0	0.018178363
20050217	-0.795495031
20050218	0.069931819
20050222	-1.461201729
20050223	0.559168769
20050224	0.786285941
20050225	0.926374095
20050228	-0.643488475
20050301	0.564207942
20050302	-0.027267206
20050303	0.032224082
20050304	0.957834166
20050307	0.260681761
20050308	-0.481033675
20050309	-1.023730937
20050310	0.185410564
20050311	-0.761211148
20050314	0.560886589
20050315	-0.755229034
20050316	-0.811465502
20050317	0.179962038
20050318	-0.047061593
20050321	-0.494643783
20050322	-1.024848812
20050323	0.06995871
20050324	-0.094711925
20050328	0.243850571
20050329	-0.762514166
20050330	1.367858823
20050331	-0.069432687
20050401	-0.651794737
20050404	0.272451893
20050405	0.447082623
20050406	0.226594501
20050407	0.595317541
20050408	-0.837996086
20050411	0.000846593
20050412	0.552984351
20050413	-1.183135056
20050414	-1.0052143
20050415	-1.686181567
20050418	0.293629504
20050419	0.591625036
20050420	-1.334354465
20050421	1.95440289
20050422	-0.677317723
20050425	0.862498973
20050426	-0.887673131
20050427	0.394245402
20050428	-1.144559372
20050429	1.185195194
20050502	0.457954841
20050503	-0.085222509
20050504	1.239306864
20050505	-0.257209674
20050506	-0.10921596
20050509	0.637397432
20050510	-1.076315474
20050511	0.418426763
20050512	-1.008388829
20050513	-0.459063402
20050516	1.003569167
20050517	0.693316277
20050518	0.996888766
20050519	0.464522176
20050520	-0.151237657
20050523	0.384367317
20050524	0.017588455
20050525	-0.340592927
20050526	0.63745436
20050527	0.096811892
20050531	-0.609135541
20050601	0.895683009
20050602	0.172033402
20050603	-0.689080387
20050606	0.12450232
20050607	-0.020878832
20050608	-0.216561606
20050609	0.522626002
20050610	-0.235094146
20050613	0.225934158
20050614	0.25699365
20050615	0.221531812
20050616	0.362352209
20050617	0.494251229
20050620	-0.070692875
20050621	-0.204962804
20050622	0.0222452
20050623	-1.08921358
20050624	-0.765793986
20050627	-0.073879429
20050628	0.909606399
20050629	-0.143248602
20050630	-0.71262189
20050701	0.260712622
20050705	0.879381185
20050706	-0.837529324
20050707	0.24490047
20050708	1.161138981
20050711	0.623536755
20050712	0.226895844
20050713	0.088325502
20050714	0.262063429
20050715	0.115709631
20050718	-0.554502146
20050719	0.670891485
20050720	0.474732587
20050721	-0.662813525
20050722	0.539680753
20050725	-0.377633219
20050726	0.173157401
20050727	0.456249905
20050728	0.558757516
20050729	-0.770010665
20050801	0.094754879
20050802	0.707412195
20050803	0.073920523
20050804	-0.74005739
20050805	-0.766772768
20050808	-0.268620929
20050809	0.672234464
20050810	-0.182888964
20050811	0.70370871
20050812	-0.601249684
20050815	0.282437918
20050816	-1.184584272
20050817	0.073783196
20050818	-0.100030345
20050819	0.056586832
20050822	0.16547615
20050823	-0.339439186
20050824	-0.6592036
20050825	0.229566237
20050826	-0.601457054
20050829	0.594033302
20050830	-0.319743817
20050831	0.981586807
20050901	0.103197493
20050902	-0.292669939
20050906	1.253988636
20050907	0.240510289
20050908	-0.380060667
20050909	0.79332442
20050912	-0.074132572
20050913	-0.757358703
20050914	-0.328674697
20050915	0.046437927
20050916	0.825753788
20050919	-0.55813797
20050920	-0.789447738
20050921	-0.916298144
20050922	0.364563547
20050923	0.055146077
20050926	0.027972949
20050927	0.002467826
20050928	0.101128454
20050929	0.882778572
20050930	0.092001195
20051003	-0.171858434
20051004	-1.001986942
20051005	-1.49990783
20051006	-0.410406459
20051007	0.369441525
20051010	-0.719195121
20051011	-0.207402486
20051012	-0.608666246
20051013	-0.071352126
20051014	0.823391199
20051017	0.2970545
20051018	-1.010041354
20051019	1.484504283
20051020	-1.513367497
20051021	0.151862894
20051024	1.663783614
20051025	-0.237069796
20051026	-0.432175955
20051027	-1.053049878
20051028	1.641387789
20051031	0.715054888
20051101	-0.352731124
20051102	0.992761057
20051103	0.425515079
20051104	0.016392905
20051107	0.218588269
20051108	-0.345703629
20051109	0.168905109
20051110	0.841084902
20051111	0.304987096
20051114	-0.077780662
20051115	-0.385744986
20051116	0.178845842
20051117	0.936947287
20051118	0.439169416
20051121	0.525745083
20051122	0.507139175
20051123	0.346678412
20051125	0.208377807
20051128	-0.854418412
20051129	0.001590495
20051130	-0.638225353
20051201	1.208375382
20051202	0.03241427
20051205	-0.236628434
20051206	0.127484883
20051207	-0.502168786
20051208	-0.121756653
20051209	0.280692453
20051212	0.084133666
20051213	0.553829555
20051214	0.418082863
20051215	-0.14152726
20051216	-0.285234961
20051219	-0.585620768
20051220	-0.023813871
20051221	0.251347058
20051222	0.421193
20051223	0.042573657
20051227	-0.959931338
20051228	0.129637233
20051229	-0.298496992
20051230	-0.489869962
20060103	1.629695715
20060104	0.366603354
20060105	0.001570512
20060106	0.935554103
20060109	0.364963909
20060110	-0.035661127
20060111	0.347541054
20060112	-0.629400893
20060113	0.120450577
20060117	-0.356331874
20060118	-0.398288668
20060119	0.55482649
20060120	-1.849628427
20060123	0.184531852
20060124	0.240251748
20060125	-0.172227224
20060126	0.72089845
20060127	0.77340027
20060130	0.114445439
20060131	-0.398399136
20060201	0.185753251
20060202	-0.910200934
20060203	-0.537306953
20060206	0.078290271
20060207	-0.812767392
20060208	0.862556579
20060209	-0.147859426
20060210	0.25367787
20060213	-0.326501861
20060214	0.998278848
20060215	0.349829942
20060216	0.730140475
20060217	-0.166109127
20060221	-0.327592336
20060222	0.748537874
20060223	-0.378227589
20060224	0.127268935
20060227	0.363066722
20060228	-1.045535744
20060301	0.822742695
20060302	-0.16276676
20060303	-0.148270656
20060306	-0.699284468
20060307	-0.186364153
20060308	0.202791386
20060309	-0.489278429
20060310	0.719757185
20060313	0.211260822
20060314	1.034247543
20060315	0.426072554
20060316	0.177123515
20060317	0.146981172
20060320	-0.166135251
20060321	-0.603311966
20060322	0.600246973
20060323	-0.258563621
20060324	0.098286898
20060327	-0.102896468
20060328	-0.645899488
20060329	0.744190914
20060330	-0.202832034
20060331	-0.414624966
20060403	0.226792451
20060404	0.623720212
20060405	0.430183778
20060406	-0.192322428
20060407	-1.039732312
20060410	0.086415758
20060411	-0.778111614
20060412	0.120402859
20060413	0.0776024
20060417	-0.294432033
20060418	1.693314805
20060419	0.202505791
20060420	0.116731976
20060421	-0.013726103
20060424	-0.242041204
20060425	-0.488151629
20060426	0.281533661
20060427	0.329620623
20060428	0.067930378
20060501	-0.414405364
20060502	0.612589756
20060503	-0.388352966
20060504	0.31522292
20060505	1.024265876
20060508	-0.083005717
20060509	0.03622915
20060510	-0.172961421
20060511	-1.288072678
20060512	-1.130477625
20060515	0.252152322
20060516	-0.187119726
20060517	-1.698448571
20060518	-0.672163913
20060519	0.412838093
20060522	-0.392234895
20060523	-0.43594852
20060524	0.158241092
20060525	1.13058938
20060526	0.57030205
20060530	-1.597652908
20060531	0.807922306
20060601	1.222333084
20060602	0.195032561
20060605	-1.796007563
20060606	-0.113872712
20060607	-0.611113013
20060608	0.141602518
20060609	-0.448565226
20060612	-1.193713115
20060613	-1.11738454
20060614	0.517580514
20060615	2.101275929
20060616	-0.368465544
20060619	-0.915858019
20060620	-0.00080637
20060621	0.96938552
20060622	-0.528466279
20060623	-0.088349871
20060626	0.485760817
20060627	-0.912544087
20060628	0.547241024
20060629	2.133577302
20060630	-0.2099825
20060703	0.783413603
20060705	-0.72753251
20060706	0.249117021
20060707	-0.677285268
20060710	0.146871893
20060711	0.400824233
20060712	-1.0928466
20060713	-1.305159117
20060714	-0.490624269
20060717	-0.138422892
20060718	0.191798064
20060719	1.838500598
20060720	-0.851360695
20060721	-0.710208575
20060724	1.648845927
20060725	0.63009391
20060726	-0.037835793
20060727	-0.410807972
20060728	1.207843936
20060731	-0.147933074
20060801	-0.450624492
20060802	0.509354285
20060803	0.223640267
20060804	-0.07110403
20060807	-0.2810035
20060808	-0.336834159
20060809	-0.435874783
20060810	0.461825422
20060811	-0.399441157
20060814	0.115978632
20060815	1.360352094
20060816	0.763270799
20060817	0.158123531
20060818	0.370801031
20060821	-0.367718179
20060822	0.100140976
20060823	-0.449879415
20060824	0.237152735
20060825	-0.074870235
20060828	0.515236789
20060829	0.191860569
20060830	0.083536111
20060831	-0.118810833
20060901	0.549941535
20060905	0.170714833
20060906	-0.994073638
20060907	-0.481059256
20060908	0.377949805
20060911	0.047720574
20060912	1.030423963
20060913	0.385395012
20060914	-0.135896921
20060915	0.256455143
20060918	0.1151149
20060919	-0.268301902
20060920	0.570604162
20060921	-0.541010169
20060922	-0.246884633
20060925	0.877653628
20060926	0.749612932
20060927	0.017957754
20060928	0.171184918
20060929	-0.226565021
20061002	-0.339686211
20061003	0.209347161
20061004	1.198832676
20061005	0.223420797
20061006	-0.268609498
20061009	0.079251925
20061010	0.204136043
20061011	-0.256716758
20061012	0.949586534
20061013	0.20451179
20061016	0.251583499
20061017	-0.366615732
20061018	0.12821219
20061019	0.084895861
20061020	0.119902338
20061023	0.613342443
20061024	0.026139994
20061025	0.350775834
20061026	0.495075525
20061027	-0.848755466
20061030	0.042827019
20061031	0.000725724
20061101	-0.737870961
20061102	-0.034367402
20061103	-0.222577005
20061106	1.128258958
20061107	0.221528929
20061108	0.208050469
20061109	-0.534723873
20061110	0.186283908
20061113	0.254581886
20061114	0.633633548
20061115	0.240161561
20061116	0.228156289
20061117	0.102821899
20061120	-0.049969662
20061121	0.164805214
20061122	0.233543486
20061124	-0.36622248
20061127	-1.364779656
20061128	0.343846504
20061129	0.915949265
20061130	0.082139635
20061201	-0.280266436
20061204	0.884592504
20061205	0.399450933
20061206	-0.131557561
20061207	-0.39784606
20061208	0.181035358
20061211	0.226718909
20061212	-0.104793609
20061213	0.116823684
20061214	0.865190165
20061215	0.112179162
20061218	-0.323557872
20061219	0.2155877
20061220	-0.141800184
20061221	-0.368073101
20061222	-0.533040505
20061226	0.434282032
20061227	0.699082228
20061228	-0.147988679
20061229	-0.452335077
20070103	-0.119933698
20070104	0.122753936
20070105	-0.610316422
20070108	0.221785356
20070109	-0.051682332
20070110	0.193847869
20070111	0.63198821
20070112	0.484140302
20070116	0.081743017
20070117	-0.089431696
20070118	-0.297516137
20070119	0.289127813
20070122	-0.529185205
20070123	0.353567964
20070124	0.84655262
0	-1.133380149
20070126	-0.120868016
20070129	-0.109750961
20070130	0.575553276
20070131	0.657121504
20070201	0.533948526
20070202	0.169296562
20070205	-0.096705794
20070206	0.069775719
20070207	0.139405548
20070208	-0.117998999
20070209	-0.71023764
20070212	-0.326666795
20070213	0.756876456
20070214	0.761498527
20070215	0.103704883
20070216	-0.087214798
20070220	0.284026782
20070221	-0.140540453
20070222	-0.085792436
20070223	-0.356999523
20070226	-0.125493025
20070227	-3.534269213
20070228	0.554555105
20070301	-0.259787547
20070302	-1.146826219
20070305	-0.945217428
20070306	1.537475267
20070307	-0.246826895
20070308	0.710131623
20070309	0.067742709
20070312	0.267669161
20070313	-2.057855743
20070314	0.666881305
20070315	0.36769906
20070316	-0.383559945
20070319	1.083549205
20070320	0.631356523
20070321	1.693657445
20070322	-0.034848306
20070323	0.109382903
20070326	0.096742433
20070327	-0.620355012
20070328	-0.799768129
20070329	0.373271414
20070330	-0.117465433
20070402	0.259365228
20070403	0.923732776
20070404	0.111221572
20070405	0.304530381
20070409	0.058856727
20070410	0.261320577
20070411	-0.659451141
20070412	0.618707957
20070413	0.34819817
20070416	1.0598556
20070417	0.214299646
20070418	0.069293952
20070419	-0.120276038
20070420	0.921808983
20070423	-0.230669719
20070424	-0.035119237
20070425	1.00880274
20070426	-0.078269512
20070427	-0.012046903
20070430	-0.786178136
20070501	0.264765184
20070502	0.645159201
20070503	0.431577125
20070504	0.214760007
20070507	0.256044716
20070508	-0.11666447
20070509	0.321822613
20070510	-1.405459129
20070511	0.959531203
20070514	-0.179461663
20070515	-0.130477927
20070516	0.85894941
20070517	-0.09184345
20070518	0.658872421
20070521	0.154207095
20070522	-0.064278736
20070523	-0.120798334
20070524	-0.974992789
20070525	0.5437888
20070529	0.156896902
20070530	0.795191079
20070531	0.025483118
20070601	0.373008232
20070604	0.184684268
20070605	-0.536134933
20070606	-0.890329435
20070607	-1.772593867
20070608	1.130618803
20070611	0.096128674
20070612	-1.073918093
20070613	1.507006687
20070614	0.480479033
20070615	0.6505514
20070618	-0.121411522
20070619	0.172934214
20070620	-1.369443763
20070621	0.616140834
20070622	-1.297976732
20070625	-0.32130148
20070626	-0.32434666
20070627	0.896902883
20070628	-0.041831976
20070629	-0.156859649
0	1.063931327
20070703	0.3573896
20070705	0.034751022
20070706	0.329860501
20070709	0.092087954
20070710	-1.428703743
20070711	0.570509458
0	1.887574549
20070713	0.309657689
20070716	-0.192132927
20070717	-0.009680886
20070718	-0.206749138
20070719	0.445915073
20070720	-1.229616617
20070723	0.485748776
20070724	-2.000322215
20070725	0.465481028
20070726	-2.361519389
20070727	-1.612077296
20070730	1.020173465
20070731	-1.272728314
20070801	0.721654028
20070802	0.434988994
20070803	-2.694586247
20070806	2.386409111
20070807	0.614053105
20070808	1.397373286
20070809	-3.009804971
20070810	0.037843213
20070813	-0.049543104
20070814	-1.832339264
20070815	-1.400539616
20070816	0.324347243
20070817	2.426962088
20070820	-0.026975712
20070821	0.108550243
20070822	1.164485419
20070823	-0.107292848
20070824	1.146902135
0	-0.853998184
20070828	-2.375290604
20070829	2.168503408
20070830	-0.418977816
20070831	1.115431997
20070904	1.041377295
20070905	-1.156777066
20070906	0.424286603
20070907	-1.705303765
0	-0.127355666
20070911	1.35402094
20070912	0.00475697
20070913	0.838438888
20070914	0.020214271
20070917	-0.513358553
20070918	2.87895789
20070919	0.606795988
20070920	-0.674591931
20070921	0.459846434
20070924	-0.52702949
20070925	-0.034267564
20070926	0.539666008
20070927	0.389950769
20070928	-0.302799655
20071001	1.320213463
20071002	-0.026505736
0	-0.456222318
20071004	0.210872669
0	0.951488102
20071008	-0.322169163
20071009	0.806360276
20071010	-0.17137636
20071011	-0.517185003
20071012	0.474294984
20071015	-0.84166759
20071016	-0.659491125
20071017	0.175987213
20071018	-0.075292411
20071019	-2.59493432
20071022	0.379120895
20071023	0.876433275
20071024	-0.244443322
20071025	-0.09768075
20071026	1.369345391
20071029	0.370580284
20071030	-0.648439772
20071031	1.192067096
20071101	-2.677884669
20071102	0.080183166
20071105	-0.496710652
20071106	1.19772213
20071107	-2.980971021
20071108	-0.057619503
20071109	-1.439001498
20071112	-1.00385235
20071113	2.867778874
20071114	-0.709441489
20071115	-1.330053526
20071116	0.521670387
20071119	-1.76145024
20071120	0.447621154
20071121	-1.605512577
20071123	1.67494738
20071126	-2.351297962
20071127	1.481978841
0	2.815959643
20071129	0.047639465
20071130	0.774015508
20071203	-0.590475584
20071204	-0.656173463
20071205	1.507593517
20071206	1.492500176
20071207	-0.177954894
20071210	0.748194259
0	-2.559591366
20071212	0.603191854
20071213	0.122352956
20071214	-1.384156643
20071217	-1.513490461
0	0.626018977
20071219	-0.136177024
20071220	0.488823954
20071221	1.653244564
0	0.80445667
20071226	0.080825358
20071227	-1.438525376
0	0.15026604
20071231	-0.687516494
